1 -1 #SUP: 3
2 -1 #SUP: 2
3 -1 #SUP: 3
5 -1 #SUP: 2
6 -1 #SUP: 3
8 -1 #SUP: 3
9 -1 #SUP: 3
67 -1 #SUP: 2
89 -1 #SUP: 2
67 89 -1 #SUP: 2
9 89 -1 #SUP: 2
8 89 -1 #SUP: 2
89 -1 6 -1 #SUP: 2
5 89 -1 #SUP: 2
3 89 -1 #SUP: 2
89 -1 3 -1 #SUP: 2
1 -1 89 -1 #SUP: 2
89 -1 1 -1 #SUP: 2
89 -1 1 3 -1 #SUP: 2
89 -1 1 6 -1 #SUP: 2
89 -1 1 3 6 -1 #SUP: 2
89 -1 3 6 -1 #SUP: 2
9 67 -1 #SUP: 2
8 67 -1 #SUP: 2
67 -1 6 -1 #SUP: 2
5 67 -1 #SUP: 2
3 67 -1 #SUP: 2
67 -1 3 -1 #SUP: 2
1 -1 67 -1 #SUP: 2
67 -1 1 -1 #SUP: 2
67 -1 1 3 -1 #SUP: 2
67 -1 1 6 -1 #SUP: 2
67 89 -1 1 -1 #SUP: 2
67 -1 1 3 6 -1 #SUP: 2
67 -1 3 6 -1 #SUP: 2
67 89 -1 3 -1 #SUP: 2
67 89 -1 6 -1 #SUP: 2
67 89 -1 3 6 -1 #SUP: 2
67 89 -1 1 6 -1 #SUP: 2
67 89 -1 1 3 -1 #SUP: 2
67 89 -1 1 3 6 -1 #SUP: 2
8 9 -1 #SUP: 3
9 -1 6 -1 #SUP: 2
5 9 -1 #SUP: 2
3 9 -1 #SUP: 3
9 -1 3 -1 #SUP: 2
1 -1 9 -1 #SUP: 2
9 -1 1 -1 #SUP: 2
9 -1 1 3 -1 #SUP: 2
9 -1 1 6 -1 #SUP: 2
9 67 -1 1 -1 #SUP: 2
9 89 -1 1 -1 #SUP: 2
9 -1 1 3 6 -1 #SUP: 2
9 -1 3 6 -1 #SUP: 2
9 67 -1 3 -1 #SUP: 2
9 89 -1 3 -1 #SUP: 2
9 67 -1 6 -1 #SUP: 2
9 89 -1 6 -1 #SUP: 2
9 67 89 -1 #SUP: 2
9 67 89 -1 6 -1 #SUP: 2
9 67 89 -1 3 -1 #SUP: 2
9 67 89 -1 1 -1 #SUP: 2
9 67 89 -1 1 3 -1 #SUP: 2
9 67 89 -1 1 6 -1 #SUP: 2
9 67 89 -1 1 3 6 -1 #SUP: 2
9 67 89 -1 3 6 -1 #SUP: 2
9 67 -1 3 6 -1 #SUP: 2
9 67 -1 1 6 -1 #SUP: 2
9 67 -1 1 3 -1 #SUP: 2
9 67 -1 1 3 6 -1 #SUP: 2
9 89 -1 3 6 -1 #SUP: 2
9 89 -1 1 6 -1 #SUP: 2
9 89 -1 1 3 -1 #SUP: 2
9 89 -1 1 3 6 -1 #SUP: 2
6 8 -1 #SUP: 2
8 -1 6 -1 #SUP: 2
5 8 -1 #SUP: 2
3 8 -1 #SUP: 3
8 -1 3 -1 #SUP: 2
1 8 -1 #SUP: 2
1 -1 8 -1 #SUP: 2
8 -1 1 -1 #SUP: 2
8 -1 1 3 -1 #SUP: 2
8 -1 1 6 -1 #SUP: 2
8 9 -1 1 -1 #SUP: 2
8 67 -1 1 -1 #SUP: 2
8 89 -1 1 -1 #SUP: 2
8 -1 1 3 6 -1 #SUP: 2
8 -1 3 6 -1 #SUP: 2
8 9 -1 3 -1 #SUP: 2
8 67 -1 3 -1 #SUP: 2
8 89 -1 3 -1 #SUP: 2
8 9 -1 6 -1 #SUP: 2
8 67 -1 6 -1 #SUP: 2
8 89 -1 6 -1 #SUP: 2
8 9 67 -1 #SUP: 2
8 9 89 -1 #SUP: 2
8 9 67 89 -1 #SUP: 2
8 9 89 -1 6 -1 #SUP: 2
8 9 89 -1 3 -1 #SUP: 2
8 9 89 -1 1 -1 #SUP: 2
8 9 89 -1 1 3 -1 #SUP: 2
8 9 89 -1 1 6 -1 #SUP: 2
8 9 89 -1 1 3 6 -1 #SUP: 2
8 9 89 -1 3 6 -1 #SUP: 2
8 9 67 -1 6 -1 #SUP: 2
8 9 67 -1 3 -1 #SUP: 2
8 9 67 -1 1 -1 #SUP: 2
8 9 67 -1 1 3 -1 #SUP: 2
8 9 67 -1 1 6 -1 #SUP: 2
8 9 67 89 -1 1 -1 #SUP: 2
8 9 67 -1 1 3 6 -1 #SUP: 2
8 9 67 -1 3 6 -1 #SUP: 2
8 9 67 89 -1 3 -1 #SUP: 2
8 9 67 89 -1 6 -1 #SUP: 2
8 9 67 89 -1 3 6 -1 #SUP: 2
8 9 67 89 -1 1 6 -1 #SUP: 2
8 9 67 89 -1 1 3 -1 #SUP: 2
8 9 67 89 -1 1 3 6 -1 #SUP: 2
8 9 -1 3 6 -1 #SUP: 2
8 9 -1 1 6 -1 #SUP: 2
8 9 -1 1 3 -1 #SUP: 2
8 9 -1 1 3 6 -1 #SUP: 2
8 67 89 -1 #SUP: 2
8 67 89 -1 6 -1 #SUP: 2
8 67 89 -1 3 -1 #SUP: 2
8 67 89 -1 1 -1 #SUP: 2
8 67 89 -1 1 3 -1 #SUP: 2
8 67 89 -1 1 6 -1 #SUP: 2
8 67 89 -1 1 3 6 -1 #SUP: 2
8 67 89 -1 3 6 -1 #SUP: 2
8 67 -1 3 6 -1 #SUP: 2
8 67 -1 1 6 -1 #SUP: 2
8 67 -1 1 3 -1 #SUP: 2
8 67 -1 1 3 6 -1 #SUP: 2
8 89 -1 3 6 -1 #SUP: 2
8 89 -1 1 6 -1 #SUP: 2
8 89 -1 1 3 -1 #SUP: 2
8 89 -1 1 3 6 -1 #SUP: 2
5 -1 6 -1 #SUP: 2
3 6 -1 #SUP: 3
3 -1 6 -1 #SUP: 2
1 6 -1 #SUP: 3
1 -1 6 -1 #SUP: 2
3 5 -1 #SUP: 2
5 -1 3 -1 #SUP: 2
1 -1 5 -1 #SUP: 2
5 -1 1 -1 #SUP: 2
5 -1 1 3 -1 #SUP: 2
5 -1 1 6 -1 #SUP: 2
5 8 -1 1 -1 #SUP: 2
5 9 -1 1 -1 #SUP: 2
5 67 -1 1 -1 #SUP: 2
5 89 -1 1 -1 #SUP: 2
5 -1 1 3 6 -1 #SUP: 2
5 -1 3 6 -1 #SUP: 2
5 8 -1 3 -1 #SUP: 2
5 9 -1 3 -1 #SUP: 2
5 67 -1 3 -1 #SUP: 2
5 89 -1 3 -1 #SUP: 2
5 8 -1 6 -1 #SUP: 2
5 9 -1 6 -1 #SUP: 2
5 67 -1 6 -1 #SUP: 2
5 89 -1 6 -1 #SUP: 2
5 8 9 -1 #SUP: 2
5 8 67 -1 #SUP: 2
5 8 89 -1 #SUP: 2
5 8 67 89 -1 #SUP: 2
5 8 9 89 -1 #SUP: 2
5 8 89 -1 6 -1 #SUP: 2
5 8 89 -1 3 -1 #SUP: 2
5 8 89 -1 1 -1 #SUP: 2
5 8 89 -1 1 3 -1 #SUP: 2
5 8 89 -1 1 6 -1 #SUP: 2
5 8 89 -1 1 3 6 -1 #SUP: 2
5 8 89 -1 3 6 -1 #SUP: 2
5 8 9 67 -1 #SUP: 2
5 8 67 -1 6 -1 #SUP: 2
5 8 67 -1 3 -1 #SUP: 2
5 8 67 -1 1 -1 #SUP: 2
5 8 67 -1 1 3 -1 #SUP: 2
5 8 67 -1 1 6 -1 #SUP: 2
5 8 67 89 -1 1 -1 #SUP: 2
5 8 67 -1 1 3 6 -1 #SUP: 2
5 8 67 -1 3 6 -1 #SUP: 2
5 8 67 89 -1 3 -1 #SUP: 2
5 8 67 89 -1 6 -1 #SUP: 2
5 8 67 89 -1 3 6 -1 #SUP: 2
5 8 67 89 -1 1 6 -1 #SUP: 2
5 8 67 89 -1 1 3 -1 #SUP: 2
5 8 67 89 -1 1 3 6 -1 #SUP: 2
5 8 9 -1 6 -1 #SUP: 2
5 8 9 -1 3 -1 #SUP: 2
5 8 9 -1 1 -1 #SUP: 2
5 8 9 -1 1 3 -1 #SUP: 2
5 8 9 -1 1 6 -1 #SUP: 2
5 8 9 67 -1 1 -1 #SUP: 2
5 8 9 89 -1 1 -1 #SUP: 2
5 8 9 -1 1 3 6 -1 #SUP: 2
5 8 9 -1 3 6 -1 #SUP: 2
5 8 9 67 -1 3 -1 #SUP: 2
5 8 9 89 -1 3 -1 #SUP: 2
5 8 9 67 -1 6 -1 #SUP: 2
5 8 9 89 -1 6 -1 #SUP: 2
5 8 9 67 89 -1 #SUP: 2
5 8 9 67 89 -1 6 -1 #SUP: 2
5 8 9 67 89 -1 3 -1 #SUP: 2
5 8 9 67 89 -1 1 -1 #SUP: 2
5 8 9 67 89 -1 1 3 -1 #SUP: 2
5 8 9 67 89 -1 1 6 -1 #SUP: 2
5 8 9 67 89 -1 1 3 6 -1 #SUP: 2
5 8 9 67 89 -1 3 6 -1 #SUP: 2
5 8 9 67 -1 3 6 -1 #SUP: 2
5 8 9 67 -1 1 6 -1 #SUP: 2
5 8 9 67 -1 1 3 -1 #SUP: 2
5 8 9 67 -1 1 3 6 -1 #SUP: 2
5 8 9 89 -1 3 6 -1 #SUP: 2
5 8 9 89 -1 1 6 -1 #SUP: 2
5 8 9 89 -1 1 3 -1 #SUP: 2
5 8 9 89 -1 1 3 6 -1 #SUP: 2
5 8 -1 3 6 -1 #SUP: 2
5 8 -1 1 6 -1 #SUP: 2
5 8 -1 1 3 -1 #SUP: 2
5 8 -1 1 3 6 -1 #SUP: 2
5 9 67 -1 #SUP: 2
5 9 89 -1 #SUP: 2
5 9 67 89 -1 #SUP: 2
5 9 89 -1 6 -1 #SUP: 2
5 9 89 -1 3 -1 #SUP: 2
5 9 89 -1 1 -1 #SUP: 2
5 9 89 -1 1 3 -1 #SUP: 2
5 9 89 -1 1 6 -1 #SUP: 2
5 9 89 -1 1 3 6 -1 #SUP: 2
5 9 89 -1 3 6 -1 #SUP: 2
5 9 67 -1 6 -1 #SUP: 2
5 9 67 -1 3 -1 #SUP: 2
5 9 67 -1 1 -1 #SUP: 2
5 9 67 -1 1 3 -1 #SUP: 2
5 9 67 -1 1 6 -1 #SUP: 2
5 9 67 89 -1 1 -1 #SUP: 2
5 9 67 -1 1 3 6 -1 #SUP: 2
5 9 67 -1 3 6 -1 #SUP: 2
5 9 67 89 -1 3 -1 #SUP: 2
5 9 67 89 -1 6 -1 #SUP: 2
5 9 67 89 -1 3 6 -1 #SUP: 2
5 9 67 89 -1 1 6 -1 #SUP: 2
5 9 67 89 -1 1 3 -1 #SUP: 2
5 9 67 89 -1 1 3 6 -1 #SUP: 2
5 9 -1 3 6 -1 #SUP: 2
5 9 -1 1 6 -1 #SUP: 2
5 9 -1 1 3 -1 #SUP: 2
5 9 -1 1 3 6 -1 #SUP: 2
5 67 89 -1 #SUP: 2
5 67 89 -1 6 -1 #SUP: 2
5 67 89 -1 3 -1 #SUP: 2
5 67 89 -1 1 -1 #SUP: 2
5 67 89 -1 1 3 -1 #SUP: 2
5 67 89 -1 1 6 -1 #SUP: 2
5 67 89 -1 1 3 6 -1 #SUP: 2
5 67 89 -1 3 6 -1 #SUP: 2
5 67 -1 3 6 -1 #SUP: 2
5 67 -1 1 6 -1 #SUP: 2
5 67 -1 1 3 -1 #SUP: 2
5 67 -1 1 3 6 -1 #SUP: 2
5 89 -1 3 6 -1 #SUP: 2
5 89 -1 1 6 -1 #SUP: 2
5 89 -1 1 3 -1 #SUP: 2
5 89 -1 1 3 6 -1 #SUP: 2
3 -1 3 -1 #SUP: 2
2 3 -1 #SUP: 2
1 3 -1 #SUP: 3
1 -1 3 -1 #SUP: 2
3 -1 1 -1 #SUP: 2
3 -1 1 3 -1 #SUP: 2
3 5 -1 1 -1 #SUP: 2
3 -1 1 6 -1 #SUP: 2
3 8 -1 1 -1 #SUP: 2
3 9 -1 1 -1 #SUP: 2
3 67 -1 1 -1 #SUP: 2
3 89 -1 1 -1 #SUP: 2
3 -1 1 3 6 -1 #SUP: 2
3 5 -1 3 -1 #SUP: 2
3 -1 3 6 -1 #SUP: 2
3 8 -1 3 -1 #SUP: 2
3 9 -1 3 -1 #SUP: 2
3 67 -1 3 -1 #SUP: 2
3 89 -1 3 -1 #SUP: 2
3 5 -1 6 -1 #SUP: 2
3 5 8 -1 #SUP: 2
3 5 9 -1 #SUP: 2
3 5 67 -1 #SUP: 2
3 5 89 -1 #SUP: 2
3 5 67 89 -1 #SUP: 2
3 5 9 89 -1 #SUP: 2
3 5 8 89 -1 #SUP: 2
3 5 89 -1 6 -1 #SUP: 2
3 5 89 -1 3 -1 #SUP: 2
3 5 89 -1 1 -1 #SUP: 2
3 5 89 -1 1 3 -1 #SUP: 2
3 5 89 -1 1 6 -1 #SUP: 2
3 5 89 -1 1 3 6 -1 #SUP: 2
3 5 89 -1 3 6 -1 #SUP: 2
3 5 9 67 -1 #SUP: 2
3 5 8 67 -1 #SUP: 2
3 5 67 -1 6 -1 #SUP: 2
3 5 67 -1 3 -1 #SUP: 2
3 5 67 -1 1 -1 #SUP: 2
3 5 67 -1 1 3 -1 #SUP: 2
3 5 67 -1 1 6 -1 #SUP: 2
3 5 67 89 -1 1 -1 #SUP: 2
3 5 67 -1 1 3 6 -1 #SUP: 2
3 5 67 -1 3 6 -1 #SUP: 2
3 5 67 89 -1 3 -1 #SUP: 2
3 5 67 89 -1 6 -1 #SUP: 2
3 5 67 89 -1 3 6 -1 #SUP: 2
3 5 67 89 -1 1 6 -1 #SUP: 2
3 5 67 89 -1 1 3 -1 #SUP: 2
3 5 67 89 -1 1 3 6 -1 #SUP: 2
3 5 8 9 -1 #SUP: 2
3 5 9 -1 6 -1 #SUP: 2
3 5 9 -1 3 -1 #SUP: 2
3 5 9 -1 1 -1 #SUP: 2
3 5 9 -1 1 3 -1 #SUP: 2
3 5 9 -1 1 6 -1 #SUP: 2
3 5 9 67 -1 1 -1 #SUP: 2
3 5 9 89 -1 1 -1 #SUP: 2
3 5 9 -1 1 3 6 -1 #SUP: 2
3 5 9 -1 3 6 -1 #SUP: 2
3 5 9 67 -1 3 -1 #SUP: 2
3 5 9 89 -1 3 -1 #SUP: 2
3 5 9 67 -1 6 -1 #SUP: 2
3 5 9 89 -1 6 -1 #SUP: 2
3 5 9 67 89 -1 #SUP: 2
3 5 9 67 89 -1 6 -1 #SUP: 2
3 5 9 67 89 -1 3 -1 #SUP: 2
3 5 9 67 89 -1 1 -1 #SUP: 2
3 5 9 67 89 -1 1 3 -1 #SUP: 2
3 5 9 67 89 -1 1 6 -1 #SUP: 2
3 5 9 67 89 -1 1 3 6 -1 #SUP: 2
3 5 9 67 89 -1 3 6 -1 #SUP: 2
3 5 9 67 -1 3 6 -1 #SUP: 2
3 5 9 67 -1 1 6 -1 #SUP: 2
3 5 9 67 -1 1 3 -1 #SUP: 2
3 5 9 67 -1 1 3 6 -1 #SUP: 2
3 5 9 89 -1 3 6 -1 #SUP: 2
3 5 9 89 -1 1 6 -1 #SUP: 2
3 5 9 89 -1 1 3 -1 #SUP: 2
3 5 9 89 -1 1 3 6 -1 #SUP: 2
3 5 8 -1 6 -1 #SUP: 2
3 5 8 -1 3 -1 #SUP: 2
3 5 8 -1 1 -1 #SUP: 2
3 5 8 -1 1 3 -1 #SUP: 2
3 5 8 -1 1 6 -1 #SUP: 2
3 5 8 9 -1 1 -1 #SUP: 2
3 5 8 67 -1 1 -1 #SUP: 2
3 5 8 89 -1 1 -1 #SUP: 2
3 5 8 -1 1 3 6 -1 #SUP: 2
3 5 8 -1 3 6 -1 #SUP: 2
3 5 8 9 -1 3 -1 #SUP: 2
3 5 8 67 -1 3 -1 #SUP: 2
3 5 8 89 -1 3 -1 #SUP: 2
3 5 8 9 -1 6 -1 #SUP: 2
3 5 8 67 -1 6 -1 #SUP: 2
3 5 8 89 -1 6 -1 #SUP: 2
3 5 8 9 67 -1 #SUP: 2
3 5 8 9 89 -1 #SUP: 2
3 5 8 9 67 89 -1 #SUP: 2
3 5 8 9 89 -1 6 -1 #SUP: 2
3 5 8 9 89 -1 3 -1 #SUP: 2
3 5 8 9 89 -1 1 -1 #SUP: 2
3 5 8 9 89 -1 1 3 -1 #SUP: 2
3 5 8 9 89 -1 1 6 -1 #SUP: 2
3 5 8 9 89 -1 1 3 6 -1 #SUP: 2
3 5 8 9 89 -1 3 6 -1 #SUP: 2
3 5 8 9 67 -1 6 -1 #SUP: 2
3 5 8 9 67 -1 3 -1 #SUP: 2
3 5 8 9 67 -1 1 -1 #SUP: 2
3 5 8 9 67 -1 1 3 -1 #SUP: 2
3 5 8 9 67 -1 1 6 -1 #SUP: 2
3 5 8 9 67 89 -1 1 -1 #SUP: 2
3 5 8 9 67 -1 1 3 6 -1 #SUP: 2
3 5 8 9 67 -1 3 6 -1 #SUP: 2
3 5 8 9 67 89 -1 3 -1 #SUP: 2
3 5 8 9 67 89 -1 6 -1 #SUP: 2
3 5 8 9 67 89 -1 3 6 -1 #SUP: 2
3 5 8 9 67 89 -1 1 6 -1 #SUP: 2
3 5 8 9 67 89 -1 1 3 -1 #SUP: 2
3 5 8 9 67 89 -1 1 3 6 -1 #SUP: 2
3 5 8 9 -1 3 6 -1 #SUP: 2
3 5 8 9 -1 1 6 -1 #SUP: 2
3 5 8 9 -1 1 3 -1 #SUP: 2
3 5 8 9 -1 1 3 6 -1 #SUP: 2
3 5 8 67 89 -1 #SUP: 2
3 5 8 67 89 -1 6 -1 #SUP: 2
3 5 8 67 89 -1 3 -1 #SUP: 2
3 5 8 67 89 -1 1 -1 #SUP: 2
3 5 8 67 89 -1 1 3 -1 #SUP: 2
3 5 8 67 89 -1 1 6 -1 #SUP: 2
3 5 8 67 89 -1 1 3 6 -1 #SUP: 2
3 5 8 67 89 -1 3 6 -1 #SUP: 2
3 5 8 67 -1 3 6 -1 #SUP: 2
3 5 8 67 -1 1 6 -1 #SUP: 2
3 5 8 67 -1 1 3 -1 #SUP: 2
3 5 8 67 -1 1 3 6 -1 #SUP: 2
3 5 8 89 -1 3 6 -1 #SUP: 2
3 5 8 89 -1 1 6 -1 #SUP: 2
3 5 8 89 -1 1 3 -1 #SUP: 2
3 5 8 89 -1 1 3 6 -1 #SUP: 2
3 5 -1 3 6 -1 #SUP: 2
3 5 -1 1 6 -1 #SUP: 2
3 5 -1 1 3 -1 #SUP: 2
3 5 -1 1 3 6 -1 #SUP: 2
3 8 -1 6 -1 #SUP: 2
3 9 -1 6 -1 #SUP: 2
3 67 -1 6 -1 #SUP: 2
3 89 -1 6 -1 #SUP: 2
3 8 9 -1 #SUP: 3
3 8 67 -1 #SUP: 2
3 8 89 -1 #SUP: 2
3 8 67 89 -1 #SUP: 2
3 8 9 89 -1 #SUP: 2
3 8 89 -1 6 -1 #SUP: 2
3 8 89 -1 3 -1 #SUP: 2
3 8 89 -1 1 -1 #SUP: 2
3 8 89 -1 1 3 -1 #SUP: 2
3 8 89 -1 1 6 -1 #SUP: 2
3 8 89 -1 1 3 6 -1 #SUP: 2
3 8 89 -1 3 6 -1 #SUP: 2
3 8 9 67 -1 #SUP: 2
3 8 67 -1 6 -1 #SUP: 2
3 8 67 -1 3 -1 #SUP: 2
3 8 67 -1 1 -1 #SUP: 2
3 8 67 -1 1 3 -1 #SUP: 2
3 8 67 -1 1 6 -1 #SUP: 2
3 8 67 89 -1 1 -1 #SUP: 2
3 8 67 -1 1 3 6 -1 #SUP: 2
3 8 67 -1 3 6 -1 #SUP: 2
3 8 67 89 -1 3 -1 #SUP: 2
3 8 67 89 -1 6 -1 #SUP: 2
3 8 67 89 -1 3 6 -1 #SUP: 2
3 8 67 89 -1 1 6 -1 #SUP: 2
3 8 67 89 -1 1 3 -1 #SUP: 2
3 8 67 89 -1 1 3 6 -1 #SUP: 2
3 8 9 -1 6 -1 #SUP: 2
3 8 9 -1 3 -1 #SUP: 2
3 8 9 -1 1 -1 #SUP: 2
3 8 9 -1 1 3 -1 #SUP: 2
3 8 9 -1 1 6 -1 #SUP: 2
3 8 9 67 -1 1 -1 #SUP: 2
3 8 9 89 -1 1 -1 #SUP: 2
3 8 9 -1 1 3 6 -1 #SUP: 2
3 8 9 -1 3 6 -1 #SUP: 2
3 8 9 67 -1 3 -1 #SUP: 2
3 8 9 89 -1 3 -1 #SUP: 2
3 8 9 67 -1 6 -1 #SUP: 2
3 8 9 89 -1 6 -1 #SUP: 2
3 8 9 67 89 -1 #SUP: 2
3 8 9 67 89 -1 6 -1 #SUP: 2
3 8 9 67 89 -1 3 -1 #SUP: 2
3 8 9 67 89 -1 1 -1 #SUP: 2
3 8 9 67 89 -1 1 3 -1 #SUP: 2
3 8 9 67 89 -1 1 6 -1 #SUP: 2
3 8 9 67 89 -1 1 3 6 -1 #SUP: 2
3 8 9 67 89 -1 3 6 -1 #SUP: 2
3 8 9 67 -1 3 6 -1 #SUP: 2
3 8 9 67 -1 1 6 -1 #SUP: 2
3 8 9 67 -1 1 3 -1 #SUP: 2
3 8 9 67 -1 1 3 6 -1 #SUP: 2
3 8 9 89 -1 3 6 -1 #SUP: 2
3 8 9 89 -1 1 6 -1 #SUP: 2
3 8 9 89 -1 1 3 -1 #SUP: 2
3 8 9 89 -1 1 3 6 -1 #SUP: 2
3 8 -1 3 6 -1 #SUP: 2
3 8 -1 1 6 -1 #SUP: 2
3 8 -1 1 3 -1 #SUP: 2
3 8 -1 1 3 6 -1 #SUP: 2
3 9 67 -1 #SUP: 2
3 9 89 -1 #SUP: 2
3 9 67 89 -1 #SUP: 2
3 9 89 -1 6 -1 #SUP: 2
3 9 89 -1 3 -1 #SUP: 2
3 9 89 -1 1 -1 #SUP: 2
3 9 89 -1 1 3 -1 #SUP: 2
3 9 89 -1 1 6 -1 #SUP: 2
3 9 89 -1 1 3 6 -1 #SUP: 2
3 9 89 -1 3 6 -1 #SUP: 2
3 9 67 -1 6 -1 #SUP: 2
3 9 67 -1 3 -1 #SUP: 2
3 9 67 -1 1 -1 #SUP: 2
3 9 67 -1 1 3 -1 #SUP: 2
3 9 67 -1 1 6 -1 #SUP: 2
3 9 67 89 -1 1 -1 #SUP: 2
3 9 67 -1 1 3 6 -1 #SUP: 2
3 9 67 -1 3 6 -1 #SUP: 2
3 9 67 89 -1 3 -1 #SUP: 2
3 9 67 89 -1 6 -1 #SUP: 2
3 9 67 89 -1 3 6 -1 #SUP: 2
3 9 67 89 -1 1 6 -1 #SUP: 2
3 9 67 89 -1 1 3 -1 #SUP: 2
3 9 67 89 -1 1 3 6 -1 #SUP: 2
3 9 -1 3 6 -1 #SUP: 2
3 9 -1 1 6 -1 #SUP: 2
3 9 -1 1 3 -1 #SUP: 2
3 9 -1 1 3 6 -1 #SUP: 2
3 67 89 -1 #SUP: 2
3 67 89 -1 6 -1 #SUP: 2
3 67 89 -1 3 -1 #SUP: 2
3 67 89 -1 1 -1 #SUP: 2
3 67 89 -1 1 3 -1 #SUP: 2
3 67 89 -1 1 6 -1 #SUP: 2
3 67 89 -1 1 3 6 -1 #SUP: 2
3 67 89 -1 3 6 -1 #SUP: 2
3 67 -1 3 6 -1 #SUP: 2
3 67 -1 1 6 -1 #SUP: 2
3 67 -1 1 3 -1 #SUP: 2
3 67 -1 1 3 6 -1 #SUP: 2
3 89 -1 3 6 -1 #SUP: 2
3 89 -1 1 6 -1 #SUP: 2
3 89 -1 1 3 -1 #SUP: 2
3 89 -1 1 3 6 -1 #SUP: 2
1 -1 1 -1 #SUP: 2
1 -1 1 3 -1 #SUP: 2
1 -1 3 -1 1 -1 #SUP: 2
1 -1 5 -1 1 -1 #SUP: 2
1 -1 1 6 -1 #SUP: 2
1 -1 8 -1 1 -1 #SUP: 2
1 -1 9 -1 1 -1 #SUP: 2
1 -1 67 -1 1 -1 #SUP: 2
1 -1 89 -1 1 -1 #SUP: 2
1 -1 1 3 6 -1 #SUP: 2
1 -1 3 -1 3 -1 #SUP: 2
1 -1 3 5 -1 #SUP: 2
1 -1 5 -1 3 -1 #SUP: 2
1 -1 3 6 -1 #SUP: 2
1 -1 3 -1 6 -1 #SUP: 2
1 -1 3 8 -1 #SUP: 2
1 -1 8 -1 3 -1 #SUP: 2
1 -1 3 9 -1 #SUP: 2
1 -1 9 -1 3 -1 #SUP: 2
1 -1 3 67 -1 #SUP: 2
1 -1 67 -1 3 -1 #SUP: 2
1 -1 3 89 -1 #SUP: 2
1 -1 89 -1 3 -1 #SUP: 2
1 -1 3 67 89 -1 #SUP: 2
1 -1 3 9 89 -1 #SUP: 2
1 -1 3 8 89 -1 #SUP: 2
1 -1 3 89 -1 6 -1 #SUP: 2
1 -1 3 5 89 -1 #SUP: 2
1 -1 3 89 -1 3 -1 #SUP: 2
1 -1 3 89 -1 1 -1 #SUP: 2
1 -1 3 89 -1 1 3 -1 #SUP: 2
1 -1 3 89 -1 1 6 -1 #SUP: 2
1 -1 3 89 -1 1 3 6 -1 #SUP: 2
1 -1 3 89 -1 3 6 -1 #SUP: 2
1 -1 3 9 67 -1 #SUP: 2
1 -1 3 8 67 -1 #SUP: 2
1 -1 3 67 -1 6 -1 #SUP: 2
1 -1 3 5 67 -1 #SUP: 2
1 -1 3 67 -1 3 -1 #SUP: 2
1 -1 3 67 -1 1 -1 #SUP: 2
1 -1 3 67 -1 1 3 -1 #SUP: 2
1 -1 3 67 -1 1 6 -1 #SUP: 2
1 -1 3 67 89 -1 1 -1 #SUP: 2
1 -1 3 67 -1 1 3 6 -1 #SUP: 2
1 -1 3 67 -1 3 6 -1 #SUP: 2
1 -1 3 67 89 -1 3 -1 #SUP: 2
1 -1 3 67 89 -1 6 -1 #SUP: 2
1 -1 3 67 89 -1 3 6 -1 #SUP: 2
1 -1 3 67 89 -1 1 6 -1 #SUP: 2
1 -1 3 67 89 -1 1 3 -1 #SUP: 2
1 -1 3 67 89 -1 1 3 6 -1 #SUP: 2
1 -1 3 8 9 -1 #SUP: 2
1 -1 3 9 -1 6 -1 #SUP: 2
1 -1 3 5 9 -1 #SUP: 2
1 -1 3 9 -1 3 -1 #SUP: 2
1 -1 3 9 -1 1 -1 #SUP: 2
1 -1 3 9 -1 1 3 -1 #SUP: 2
1 -1 3 9 -1 1 6 -1 #SUP: 2
1 -1 3 9 67 -1 1 -1 #SUP: 2
1 -1 3 9 89 -1 1 -1 #SUP: 2
1 -1 3 9 -1 1 3 6 -1 #SUP: 2
1 -1 3 9 -1 3 6 -1 #SUP: 2
1 -1 3 9 67 -1 3 -1 #SUP: 2
1 -1 3 9 89 -1 3 -1 #SUP: 2
1 -1 3 9 67 -1 6 -1 #SUP: 2
1 -1 3 9 89 -1 6 -1 #SUP: 2
1 -1 3 9 67 89 -1 #SUP: 2
1 -1 3 9 67 89 -1 6 -1 #SUP: 2
1 -1 3 9 67 89 -1 3 -1 #SUP: 2
1 -1 3 9 67 89 -1 1 -1 #SUP: 2
1 -1 3 9 67 89 -1 1 3 -1 #SUP: 2
1 -1 3 9 67 89 -1 1 6 -1 #SUP: 2
1 -1 3 9 67 89 -1 1 3 6 -1 #SUP: 2
1 -1 3 9 67 89 -1 3 6 -1 #SUP: 2
1 -1 3 9 67 -1 3 6 -1 #SUP: 2
1 -1 3 9 67 -1 1 6 -1 #SUP: 2
1 -1 3 9 67 -1 1 3 -1 #SUP: 2
1 -1 3 9 67 -1 1 3 6 -1 #SUP: 2
1 -1 3 9 89 -1 3 6 -1 #SUP: 2
1 -1 3 9 89 -1 1 6 -1 #SUP: 2
1 -1 3 9 89 -1 1 3 -1 #SUP: 2
1 -1 3 9 89 -1 1 3 6 -1 #SUP: 2
1 -1 3 8 -1 6 -1 #SUP: 2
1 -1 3 5 8 -1 #SUP: 2
1 -1 3 8 -1 3 -1 #SUP: 2
1 -1 3 8 -1 1 -1 #SUP: 2
1 -1 3 8 -1 1 3 -1 #SUP: 2
1 -1 3 8 -1 1 6 -1 #SUP: 2
1 -1 3 8 9 -1 1 -1 #SUP: 2
1 -1 3 8 67 -1 1 -1 #SUP: 2
1 -1 3 8 89 -1 1 -1 #SUP: 2
1 -1 3 8 -1 1 3 6 -1 #SUP: 2
1 -1 3 8 -1 3 6 -1 #SUP: 2
1 -1 3 8 9 -1 3 -1 #SUP: 2
1 -1 3 8 67 -1 3 -1 #SUP: 2
1 -1 3 8 89 -1 3 -1 #SUP: 2
1 -1 3 8 9 -1 6 -1 #SUP: 2
1 -1 3 8 67 -1 6 -1 #SUP: 2
1 -1 3 8 89 -1 6 -1 #SUP: 2
1 -1 3 8 9 67 -1 #SUP: 2
1 -1 3 8 9 89 -1 #SUP: 2
1 -1 3 8 9 67 89 -1 #SUP: 2
1 -1 3 8 9 89 -1 6 -1 #SUP: 2
1 -1 3 8 9 89 -1 3 -1 #SUP: 2
1 -1 3 8 9 89 -1 1 -1 #SUP: 2
1 -1 3 8 9 89 -1 1 3 -1 #SUP: 2
1 -1 3 8 9 89 -1 1 6 -1 #SUP: 2
1 -1 3 8 9 89 -1 1 3 6 -1 #SUP: 2
1 -1 3 8 9 89 -1 3 6 -1 #SUP: 2
1 -1 3 8 9 67 -1 6 -1 #SUP: 2
1 -1 3 8 9 67 -1 3 -1 #SUP: 2
1 -1 3 8 9 67 -1 1 -1 #SUP: 2
1 -1 3 8 9 67 -1 1 3 -1 #SUP: 2
1 -1 3 8 9 67 -1 1 6 -1 #SUP: 2
1 -1 3 8 9 67 89 -1 1 -1 #SUP: 2
1 -1 3 8 9 67 -1 1 3 6 -1 #SUP: 2
1 -1 3 8 9 67 -1 3 6 -1 #SUP: 2
1 -1 3 8 9 67 89 -1 3 -1 #SUP: 2
1 -1 3 8 9 67 89 -1 6 -1 #SUP: 2
1 -1 3 8 9 67 89 -1 3 6 -1 #SUP: 2
1 -1 3 8 9 67 89 -1 1 6 -1 #SUP: 2
1 -1 3 8 9 67 89 -1 1 3 -1 #SUP: 2
1 -1 3 8 9 67 89 -1 1 3 6 -1 #SUP: 2
1 -1 3 8 9 -1 3 6 -1 #SUP: 2
1 -1 3 8 9 -1 1 6 -1 #SUP: 2
1 -1 3 8 9 -1 1 3 -1 #SUP: 2
1 -1 3 8 9 -1 1 3 6 -1 #SUP: 2
1 -1 3 8 67 89 -1 #SUP: 2
1 -1 3 8 67 89 -1 6 -1 #SUP: 2
1 -1 3 8 67 89 -1 3 -1 #SUP: 2
1 -1 3 8 67 89 -1 1 -1 #SUP: 2
1 -1 3 8 67 89 -1 1 3 -1 #SUP: 2
1 -1 3 8 67 89 -1 1 6 -1 #SUP: 2
1 -1 3 8 67 89 -1 1 3 6 -1 #SUP: 2
1 -1 3 8 67 89 -1 3 6 -1 #SUP: 2
1 -1 3 8 67 -1 3 6 -1 #SUP: 2
1 -1 3 8 67 -1 1 6 -1 #SUP: 2
1 -1 3 8 67 -1 1 3 -1 #SUP: 2
1 -1 3 8 67 -1 1 3 6 -1 #SUP: 2
1 -1 3 8 89 -1 3 6 -1 #SUP: 2
1 -1 3 8 89 -1 1 6 -1 #SUP: 2
1 -1 3 8 89 -1 1 3 -1 #SUP: 2
1 -1 3 8 89 -1 1 3 6 -1 #SUP: 2
1 -1 3 5 -1 6 -1 #SUP: 2
1 -1 3 -1 3 6 -1 #SUP: 2
1 -1 3 -1 1 6 -1 #SUP: 2
1 -1 3 5 -1 3 -1 #SUP: 2
1 -1 3 5 -1 1 -1 #SUP: 2
1 -1 3 5 -1 1 3 -1 #SUP: 2
1 -1 3 5 -1 1 6 -1 #SUP: 2
1 -1 3 5 8 -1 1 -1 #SUP: 2
1 -1 3 5 9 -1 1 -1 #SUP: 2
1 -1 3 5 67 -1 1 -1 #SUP: 2
1 -1 3 5 89 -1 1 -1 #SUP: 2
1 -1 3 5 -1 1 3 6 -1 #SUP: 2
1 -1 3 5 -1 3 6 -1 #SUP: 2
1 -1 3 5 8 -1 3 -1 #SUP: 2
1 -1 3 5 9 -1 3 -1 #SUP: 2
1 -1 3 5 67 -1 3 -1 #SUP: 2
1 -1 3 5 89 -1 3 -1 #SUP: 2
1 -1 3 5 8 -1 6 -1 #SUP: 2
1 -1 3 5 9 -1 6 -1 #SUP: 2
1 -1 3 5 67 -1 6 -1 #SUP: 2
1 -1 3 5 89 -1 6 -1 #SUP: 2
1 -1 3 5 8 9 -1 #SUP: 2
1 -1 3 5 8 67 -1 #SUP: 2
1 -1 3 5 8 89 -1 #SUP: 2
1 -1 3 5 8 67 89 -1 #SUP: 2
1 -1 3 5 8 9 89 -1 #SUP: 2
1 -1 3 5 8 89 -1 6 -1 #SUP: 2
1 -1 3 5 8 89 -1 3 -1 #SUP: 2
1 -1 3 5 8 89 -1 1 -1 #SUP: 2
1 -1 3 5 8 89 -1 1 3 -1 #SUP: 2
1 -1 3 5 8 89 -1 1 6 -1 #SUP: 2
1 -1 3 5 8 89 -1 1 3 6 -1 #SUP: 2
1 -1 3 5 8 89 -1 3 6 -1 #SUP: 2
1 -1 3 5 8 9 67 -1 #SUP: 2
1 -1 3 5 8 67 -1 6 -1 #SUP: 2
1 -1 3 5 8 67 -1 3 -1 #SUP: 2
1 -1 3 5 8 67 -1 1 -1 #SUP: 2
1 -1 3 5 8 67 -1 1 3 -1 #SUP: 2
1 -1 3 5 8 67 -1 1 6 -1 #SUP: 2
1 -1 3 5 8 67 89 -1 1 -1 #SUP: 2
1 -1 3 5 8 67 -1 1 3 6 -1 #SUP: 2
1 -1 3 5 8 67 -1 3 6 -1 #SUP: 2
1 -1 3 5 8 67 89 -1 3 -1 #SUP: 2
1 -1 3 5 8 67 89 -1 6 -1 #SUP: 2
1 -1 3 5 8 67 89 -1 3 6 -1 #SUP: 2
1 -1 3 5 8 67 89 -1 1 6 -1 #SUP: 2
1 -1 3 5 8 67 89 -1 1 3 -1 #SUP: 2
1 -1 3 5 8 67 89 -1 1 3 6 -1 #SUP: 2
1 -1 3 5 8 9 -1 6 -1 #SUP: 2
1 -1 3 5 8 9 -1 3 -1 #SUP: 2
1 -1 3 5 8 9 -1 1 -1 #SUP: 2
1 -1 3 5 8 9 -1 1 3 -1 #SUP: 2
1 -1 3 5 8 9 -1 1 6 -1 #SUP: 2
1 -1 3 5 8 9 67 -1 1 -1 #SUP: 2
1 -1 3 5 8 9 89 -1 1 -1 #SUP: 2
1 -1 3 5 8 9 -1 1 3 6 -1 #SUP: 2
1 -1 3 5 8 9 -1 3 6 -1 #SUP: 2
1 -1 3 5 8 9 67 -1 3 -1 #SUP: 2
1 -1 3 5 8 9 89 -1 3 -1 #SUP: 2
1 -1 3 5 8 9 67 -1 6 -1 #SUP: 2
1 -1 3 5 8 9 89 -1 6 -1 #SUP: 2
1 -1 3 5 8 9 67 89 -1 #SUP: 2
1 -1 3 5 8 9 67 89 -1 6 -1 #SUP: 2
1 -1 3 5 8 9 67 89 -1 3 -1 #SUP: 2
1 -1 3 5 8 9 67 89 -1 1 -1 #SUP: 2
1 -1 3 5 8 9 67 89 -1 1 3 -1 #SUP: 2
1 -1 3 5 8 9 67 89 -1 1 6 -1 #SUP: 2
1 -1 3 5 8 9 67 89 -1 1 3 6 -1 #SUP: 2
1 -1 3 5 8 9 67 89 -1 3 6 -1 #SUP: 2
1 -1 3 5 8 9 67 -1 3 6 -1 #SUP: 2
1 -1 3 5 8 9 67 -1 1 6 -1 #SUP: 2
1 -1 3 5 8 9 67 -1 1 3 -1 #SUP: 2
1 -1 3 5 8 9 67 -1 1 3 6 -1 #SUP: 2
1 -1 3 5 8 9 89 -1 3 6 -1 #SUP: 2
1 -1 3 5 8 9 89 -1 1 6 -1 #SUP: 2
1 -1 3 5 8 9 89 -1 1 3 -1 #SUP: 2
1 -1 3 5 8 9 89 -1 1 3 6 -1 #SUP: 2
1 -1 3 5 8 -1 3 6 -1 #SUP: 2
1 -1 3 5 8 -1 1 6 -1 #SUP: 2
1 -1 3 5 8 -1 1 3 -1 #SUP: 2
1 -1 3 5 8 -1 1 3 6 -1 #SUP: 2
1 -1 3 5 9 67 -1 #SUP: 2
1 -1 3 5 9 89 -1 #SUP: 2
1 -1 3 5 9 67 89 -1 #SUP: 2
1 -1 3 5 9 89 -1 6 -1 #SUP: 2
1 -1 3 5 9 89 -1 3 -1 #SUP: 2
1 -1 3 5 9 89 -1 1 -1 #SUP: 2
1 -1 3 5 9 89 -1 1 3 -1 #SUP: 2
1 -1 3 5 9 89 -1 1 6 -1 #SUP: 2
1 -1 3 5 9 89 -1 1 3 6 -1 #SUP: 2
1 -1 3 5 9 89 -1 3 6 -1 #SUP: 2
1 -1 3 5 9 67 -1 6 -1 #SUP: 2
1 -1 3 5 9 67 -1 3 -1 #SUP: 2
1 -1 3 5 9 67 -1 1 -1 #SUP: 2
1 -1 3 5 9 67 -1 1 3 -1 #SUP: 2
1 -1 3 5 9 67 -1 1 6 -1 #SUP: 2
1 -1 3 5 9 67 89 -1 1 -1 #SUP: 2
1 -1 3 5 9 67 -1 1 3 6 -1 #SUP: 2
1 -1 3 5 9 67 -1 3 6 -1 #SUP: 2
1 -1 3 5 9 67 89 -1 3 -1 #SUP: 2
1 -1 3 5 9 67 89 -1 6 -1 #SUP: 2
1 -1 3 5 9 67 89 -1 3 6 -1 #SUP: 2
1 -1 3 5 9 67 89 -1 1 6 -1 #SUP: 2
1 -1 3 5 9 67 89 -1 1 3 -1 #SUP: 2
1 -1 3 5 9 67 89 -1 1 3 6 -1 #SUP: 2
1 -1 3 5 9 -1 3 6 -1 #SUP: 2
1 -1 3 5 9 -1 1 6 -1 #SUP: 2
1 -1 3 5 9 -1 1 3 -1 #SUP: 2
1 -1 3 5 9 -1 1 3 6 -1 #SUP: 2
1 -1 3 5 67 89 -1 #SUP: 2
1 -1 3 5 67 89 -1 6 -1 #SUP: 2
1 -1 3 5 67 89 -1 3 -1 #SUP: 2
1 -1 3 5 67 89 -1 1 -1 #SUP: 2
1 -1 3 5 67 89 -1 1 3 -1 #SUP: 2
1 -1 3 5 67 89 -1 1 6 -1 #SUP: 2
1 -1 3 5 67 89 -1 1 3 6 -1 #SUP: 2
1 -1 3 5 67 89 -1 3 6 -1 #SUP: 2
1 -1 3 5 67 -1 3 6 -1 #SUP: 2
1 -1 3 5 67 -1 1 6 -1 #SUP: 2
1 -1 3 5 67 -1 1 3 -1 #SUP: 2
1 -1 3 5 67 -1 1 3 6 -1 #SUP: 2
1 -1 3 5 89 -1 3 6 -1 #SUP: 2
1 -1 3 5 89 -1 1 6 -1 #SUP: 2
1 -1 3 5 89 -1 1 3 -1 #SUP: 2
1 -1 3 5 89 -1 1 3 6 -1 #SUP: 2
1 -1 3 -1 1 3 -1 #SUP: 2
1 -1 3 -1 1 3 6 -1 #SUP: 2
1 3 6 -1 #SUP: 3
1 -1 5 -1 6 -1 #SUP: 2
1 -1 5 8 -1 #SUP: 2
1 -1 5 9 -1 #SUP: 2
1 -1 5 67 -1 #SUP: 2
1 -1 5 89 -1 #SUP: 2
1 -1 5 67 89 -1 #SUP: 2
1 -1 5 9 89 -1 #SUP: 2
1 -1 5 8 89 -1 #SUP: 2
1 -1 5 89 -1 6 -1 #SUP: 2
1 -1 5 89 -1 3 -1 #SUP: 2
1 -1 5 89 -1 1 -1 #SUP: 2
1 -1 5 89 -1 1 3 -1 #SUP: 2
1 -1 5 89 -1 1 6 -1 #SUP: 2
1 -1 5 89 -1 1 3 6 -1 #SUP: 2
1 -1 5 89 -1 3 6 -1 #SUP: 2
1 -1 5 9 67 -1 #SUP: 2
1 -1 5 8 67 -1 #SUP: 2
1 -1 5 67 -1 6 -1 #SUP: 2
1 -1 5 67 -1 3 -1 #SUP: 2
1 -1 5 67 -1 1 -1 #SUP: 2
1 -1 5 67 -1 1 3 -1 #SUP: 2
1 -1 5 67 -1 1 6 -1 #SUP: 2
1 -1 5 67 89 -1 1 -1 #SUP: 2
1 -1 5 67 -1 1 3 6 -1 #SUP: 2
1 -1 5 67 -1 3 6 -1 #SUP: 2
1 -1 5 67 89 -1 3 -1 #SUP: 2
1 -1 5 67 89 -1 6 -1 #SUP: 2
1 -1 5 67 89 -1 3 6 -1 #SUP: 2
1 -1 5 67 89 -1 1 6 -1 #SUP: 2
1 -1 5 67 89 -1 1 3 -1 #SUP: 2
1 -1 5 67 89 -1 1 3 6 -1 #SUP: 2
1 -1 5 8 9 -1 #SUP: 2
1 -1 5 9 -1 6 -1 #SUP: 2
1 -1 5 9 -1 3 -1 #SUP: 2
1 -1 5 9 -1 1 -1 #SUP: 2
1 -1 5 9 -1 1 3 -1 #SUP: 2
1 -1 5 9 -1 1 6 -1 #SUP: 2
1 -1 5 9 67 -1 1 -1 #SUP: 2
1 -1 5 9 89 -1 1 -1 #SUP: 2
1 -1 5 9 -1 1 3 6 -1 #SUP: 2
1 -1 5 9 -1 3 6 -1 #SUP: 2
1 -1 5 9 67 -1 3 -1 #SUP: 2
1 -1 5 9 89 -1 3 -1 #SUP: 2
1 -1 5 9 67 -1 6 -1 #SUP: 2
1 -1 5 9 89 -1 6 -1 #SUP: 2
1 -1 5 9 67 89 -1 #SUP: 2
1 -1 5 9 67 89 -1 6 -1 #SUP: 2
1 -1 5 9 67 89 -1 3 -1 #SUP: 2
1 -1 5 9 67 89 -1 1 -1 #SUP: 2
1 -1 5 9 67 89 -1 1 3 -1 #SUP: 2
1 -1 5 9 67 89 -1 1 6 -1 #SUP: 2
1 -1 5 9 67 89 -1 1 3 6 -1 #SUP: 2
1 -1 5 9 67 89 -1 3 6 -1 #SUP: 2
1 -1 5 9 67 -1 3 6 -1 #SUP: 2
1 -1 5 9 67 -1 1 6 -1 #SUP: 2
1 -1 5 9 67 -1 1 3 -1 #SUP: 2
1 -1 5 9 67 -1 1 3 6 -1 #SUP: 2
1 -1 5 9 89 -1 3 6 -1 #SUP: 2
1 -1 5 9 89 -1 1 6 -1 #SUP: 2
1 -1 5 9 89 -1 1 3 -1 #SUP: 2
1 -1 5 9 89 -1 1 3 6 -1 #SUP: 2
1 -1 5 8 -1 6 -1 #SUP: 2
1 -1 5 8 -1 3 -1 #SUP: 2
1 -1 5 8 -1 1 -1 #SUP: 2
1 -1 5 8 -1 1 3 -1 #SUP: 2
1 -1 5 8 -1 1 6 -1 #SUP: 2
1 -1 5 8 9 -1 1 -1 #SUP: 2
1 -1 5 8 67 -1 1 -1 #SUP: 2
1 -1 5 8 89 -1 1 -1 #SUP: 2
1 -1 5 8 -1 1 3 6 -1 #SUP: 2
1 -1 5 8 -1 3 6 -1 #SUP: 2
1 -1 5 8 9 -1 3 -1 #SUP: 2
1 -1 5 8 67 -1 3 -1 #SUP: 2
1 -1 5 8 89 -1 3 -1 #SUP: 2
1 -1 5 8 9 -1 6 -1 #SUP: 2
1 -1 5 8 67 -1 6 -1 #SUP: 2
1 -1 5 8 89 -1 6 -1 #SUP: 2
1 -1 5 8 9 67 -1 #SUP: 2
1 -1 5 8 9 89 -1 #SUP: 2
1 -1 5 8 9 67 89 -1 #SUP: 2
1 -1 5 8 9 89 -1 6 -1 #SUP: 2
1 -1 5 8 9 89 -1 3 -1 #SUP: 2
1 -1 5 8 9 89 -1 1 -1 #SUP: 2
1 -1 5 8 9 89 -1 1 3 -1 #SUP: 2
1 -1 5 8 9 89 -1 1 6 -1 #SUP: 2
1 -1 5 8 9 89 -1 1 3 6 -1 #SUP: 2
1 -1 5 8 9 89 -1 3 6 -1 #SUP: 2
1 -1 5 8 9 67 -1 6 -1 #SUP: 2
1 -1 5 8 9 67 -1 3 -1 #SUP: 2
1 -1 5 8 9 67 -1 1 -1 #SUP: 2
1 -1 5 8 9 67 -1 1 3 -1 #SUP: 2
1 -1 5 8 9 67 -1 1 6 -1 #SUP: 2
1 -1 5 8 9 67 89 -1 1 -1 #SUP: 2
1 -1 5 8 9 67 -1 1 3 6 -1 #SUP: 2
1 -1 5 8 9 67 -1 3 6 -1 #SUP: 2
1 -1 5 8 9 67 89 -1 3 -1 #SUP: 2
1 -1 5 8 9 67 89 -1 6 -1 #SUP: 2
1 -1 5 8 9 67 89 -1 3 6 -1 #SUP: 2
1 -1 5 8 9 67 89 -1 1 6 -1 #SUP: 2
1 -1 5 8 9 67 89 -1 1 3 -1 #SUP: 2
1 -1 5 8 9 67 89 -1 1 3 6 -1 #SUP: 2
1 -1 5 8 9 -1 3 6 -1 #SUP: 2
1 -1 5 8 9 -1 1 6 -1 #SUP: 2
1 -1 5 8 9 -1 1 3 -1 #SUP: 2
1 -1 5 8 9 -1 1 3 6 -1 #SUP: 2
1 -1 5 8 67 89 -1 #SUP: 2
1 -1 5 8 67 89 -1 6 -1 #SUP: 2
1 -1 5 8 67 89 -1 3 -1 #SUP: 2
1 -1 5 8 67 89 -1 1 -1 #SUP: 2
1 -1 5 8 67 89 -1 1 3 -1 #SUP: 2
1 -1 5 8 67 89 -1 1 6 -1 #SUP: 2
1 -1 5 8 67 89 -1 1 3 6 -1 #SUP: 2
1 -1 5 8 67 89 -1 3 6 -1 #SUP: 2
1 -1 5 8 67 -1 3 6 -1 #SUP: 2
1 -1 5 8 67 -1 1 6 -1 #SUP: 2
1 -1 5 8 67 -1 1 3 -1 #SUP: 2
1 -1 5 8 67 -1 1 3 6 -1 #SUP: 2
1 -1 5 8 89 -1 3 6 -1 #SUP: 2
1 -1 5 8 89 -1 1 6 -1 #SUP: 2
1 -1 5 8 89 -1 1 3 -1 #SUP: 2
1 -1 5 8 89 -1 1 3 6 -1 #SUP: 2
1 -1 5 -1 3 6 -1 #SUP: 2
1 -1 5 -1 1 6 -1 #SUP: 2
1 -1 5 -1 1 3 -1 #SUP: 2
1 -1 5 -1 1 3 6 -1 #SUP: 2
1 -1 8 -1 6 -1 #SUP: 2
1 -1 9 -1 6 -1 #SUP: 2
1 -1 67 -1 6 -1 #SUP: 2
1 -1 89 -1 6 -1 #SUP: 2
1 6 8 -1 #SUP: 2
1 -1 8 9 -1 #SUP: 2
1 -1 8 67 -1 #SUP: 2
1 -1 8 89 -1 #SUP: 2
1 -1 8 67 89 -1 #SUP: 2
1 -1 8 9 89 -1 #SUP: 2
1 -1 8 89 -1 6 -1 #SUP: 2
1 -1 8 89 -1 3 -1 #SUP: 2
1 -1 8 89 -1 1 -1 #SUP: 2
1 -1 8 89 -1 1 3 -1 #SUP: 2
1 -1 8 89 -1 1 6 -1 #SUP: 2
1 -1 8 89 -1 1 3 6 -1 #SUP: 2
1 -1 8 89 -1 3 6 -1 #SUP: 2
1 -1 8 9 67 -1 #SUP: 2
1 -1 8 67 -1 6 -1 #SUP: 2
1 -1 8 67 -1 3 -1 #SUP: 2
1 -1 8 67 -1 1 -1 #SUP: 2
1 -1 8 67 -1 1 3 -1 #SUP: 2
1 -1 8 67 -1 1 6 -1 #SUP: 2
1 -1 8 67 89 -1 1 -1 #SUP: 2
1 -1 8 67 -1 1 3 6 -1 #SUP: 2
1 -1 8 67 -1 3 6 -1 #SUP: 2
1 -1 8 67 89 -1 3 -1 #SUP: 2
1 -1 8 67 89 -1 6 -1 #SUP: 2
1 -1 8 67 89 -1 3 6 -1 #SUP: 2
1 -1 8 67 89 -1 1 6 -1 #SUP: 2
1 -1 8 67 89 -1 1 3 -1 #SUP: 2
1 -1 8 67 89 -1 1 3 6 -1 #SUP: 2
1 -1 8 9 -1 6 -1 #SUP: 2
1 -1 8 9 -1 3 -1 #SUP: 2
1 -1 8 9 -1 1 -1 #SUP: 2
1 -1 8 9 -1 1 3 -1 #SUP: 2
1 -1 8 9 -1 1 6 -1 #SUP: 2
1 -1 8 9 67 -1 1 -1 #SUP: 2
1 -1 8 9 89 -1 1 -1 #SUP: 2
1 -1 8 9 -1 1 3 6 -1 #SUP: 2
1 -1 8 9 -1 3 6 -1 #SUP: 2
1 -1 8 9 67 -1 3 -1 #SUP: 2
1 -1 8 9 89 -1 3 -1 #SUP: 2
1 -1 8 9 67 -1 6 -1 #SUP: 2
1 -1 8 9 89 -1 6 -1 #SUP: 2
1 -1 8 9 67 89 -1 #SUP: 2
1 -1 8 9 67 89 -1 6 -1 #SUP: 2
1 -1 8 9 67 89 -1 3 -1 #SUP: 2
1 -1 8 9 67 89 -1 1 -1 #SUP: 2
1 -1 8 9 67 89 -1 1 3 -1 #SUP: 2
1 -1 8 9 67 89 -1 1 6 -1 #SUP: 2
1 -1 8 9 67 89 -1 1 3 6 -1 #SUP: 2
1 -1 8 9 67 89 -1 3 6 -1 #SUP: 2
1 -1 8 9 67 -1 3 6 -1 #SUP: 2
1 -1 8 9 67 -1 1 6 -1 #SUP: 2
1 -1 8 9 67 -1 1 3 -1 #SUP: 2
1 -1 8 9 67 -1 1 3 6 -1 #SUP: 2
1 -1 8 9 89 -1 3 6 -1 #SUP: 2
1 -1 8 9 89 -1 1 6 -1 #SUP: 2
1 -1 8 9 89 -1 1 3 -1 #SUP: 2
1 -1 8 9 89 -1 1 3 6 -1 #SUP: 2
1 -1 8 -1 3 6 -1 #SUP: 2
1 -1 8 -1 1 6 -1 #SUP: 2
1 -1 8 -1 1 3 -1 #SUP: 2
1 -1 8 -1 1 3 6 -1 #SUP: 2
1 -1 9 67 -1 #SUP: 2
1 -1 9 89 -1 #SUP: 2
1 -1 9 67 89 -1 #SUP: 2
1 -1 9 89 -1 6 -1 #SUP: 2
1 -1 9 89 -1 3 -1 #SUP: 2
1 -1 9 89 -1 1 -1 #SUP: 2
1 -1 9 89 -1 1 3 -1 #SUP: 2
1 -1 9 89 -1 1 6 -1 #SUP: 2
1 -1 9 89 -1 1 3 6 -1 #SUP: 2
1 -1 9 89 -1 3 6 -1 #SUP: 2
1 -1 9 67 -1 6 -1 #SUP: 2
1 -1 9 67 -1 3 -1 #SUP: 2
1 -1 9 67 -1 1 -1 #SUP: 2
1 -1 9 67 -1 1 3 -1 #SUP: 2
1 -1 9 67 -1 1 6 -1 #SUP: 2
1 -1 9 67 89 -1 1 -1 #SUP: 2
1 -1 9 67 -1 1 3 6 -1 #SUP: 2
1 -1 9 67 -1 3 6 -1 #SUP: 2
1 -1 9 67 89 -1 3 -1 #SUP: 2
1 -1 9 67 89 -1 6 -1 #SUP: 2
1 -1 9 67 89 -1 3 6 -1 #SUP: 2
1 -1 9 67 89 -1 1 6 -1 #SUP: 2
1 -1 9 67 89 -1 1 3 -1 #SUP: 2
1 -1 9 67 89 -1 1 3 6 -1 #SUP: 2
1 -1 9 -1 3 6 -1 #SUP: 2
1 -1 9 -1 1 6 -1 #SUP: 2
1 -1 9 -1 1 3 -1 #SUP: 2
1 -1 9 -1 1 3 6 -1 #SUP: 2
1 -1 67 89 -1 #SUP: 2
1 -1 67 89 -1 6 -1 #SUP: 2
1 -1 67 89 -1 3 -1 #SUP: 2
1 -1 67 89 -1 1 -1 #SUP: 2
1 -1 67 89 -1 1 3 -1 #SUP: 2
1 -1 67 89 -1 1 6 -1 #SUP: 2
1 -1 67 89 -1 1 3 6 -1 #SUP: 2
1 -1 67 89 -1 3 6 -1 #SUP: 2
1 -1 67 -1 3 6 -1 #SUP: 2
1 -1 67 -1 1 6 -1 #SUP: 2
1 -1 67 -1 1 3 -1 #SUP: 2
1 -1 67 -1 1 3 6 -1 #SUP: 2
1 -1 89 -1 3 6 -1 #SUP: 2
1 -1 89 -1 1 6 -1 #SUP: 2
1 -1 89 -1 1 3 -1 #SUP: 2
1 -1 89 -1 1 3 6 -1 #SUP: 2
